td_0_string=`
td_0_data=63.000000 141.000000 0 0 1 0 0.600000 10.400004 -1 255 50 1 206.500000 5.000000 0 1 1 0 1 1 -10.000000 0.000000 -20.000000 1.000000 255 255 50 addressBox
td_0_bar_data=100.000000 0 
td_1_string=Address:
td_1_data=66.000000 158.000000 1 0 1 0 0.345833 1.799998 -2686721 255 50 0 400.000000 17.000000 0 1 1 0 1 1 -10.000000 0.000000 -20.000000 1.000000 255 255 50 addressString
td_1_bar_data=100.000000 0 
td_2_string=Status:
td_2_data=76.000000 175.000000 1 0 1 0 0.345833 1.799998 -2686721 255 50 0 400.000000 17.000000 0 1 1 0 1 1 -10.000000 0.000000 -20.000000 1.000000 255 255 50 addressStatus
td_2_bar_data=100.000000 0 
td_3_string=Type:
td_3_data=84.000000 191.000000 1 0 1 0 0.345833 1.799998 -2686721 255 50 0 400.000000 17.000000 0 1 1 0 1 1 -10.000000 0.000000 -20.000000 1.000000 255 255 50 addressType
td_3_bar_data=100.000000 0 
td_4_string=Price:
td_4_data=83.000000 211.000000 1 0 1 0 0.345833 1.799998 -2686721 255 50 0 400.000000 17.000000 0 1 1 0 1 1 -10.000000 0.000000 -20.000000 1.000000 255 255 50 addressPrice
td_4_bar_data=100.000000 0 
td_5_string=3000.street
td_5_data=125.000000 158.000000 1 0 1 0 0.345833 1.799998 -1 255 50 0 400.000000 17.000000 0 1 1 0 1 1 -10.000000 0.000000 -20.000000 1.000000 255 255 50 
td_5_bar_data=100.000000 0 
td_6_string=For Sale
td_6_data=125.000000 176.000000 1 0 1 0 0.345833 1.799998 -1 255 50 0 400.000000 17.000000 0 1 1 0 1 1 -10.000000 0.000000 -20.000000 1.000000 255 255 50 
td_6_bar_data=100.000000 0 
td_7_string=Business
td_7_data=125.000000 194.000000 1 0 1 0 0.345833 1.799998 -1 255 50 0 400.000000 17.000000 0 1 1 0 1 1 -10.000000 0.000000 -20.000000 1.000000 255 255 50 
td_7_bar_data=100.000000 0 
td_8_string=$100000
td_8_data=125.000000 212.000000 1 0 1 0 0.345833 1.799998 -1 255 50 0 400.000000 17.000000 0 1 1 0 1 1 -10.000000 0.000000 -20.000000 1.000000 255 255 50 
td_8_bar_data=100.000000 0 
td_9_string=Name:
td_9_data=66.000000 142.000000 1 0 1 0 0.345833 1.799998 -2686721 255 50 0 400.000000 17.000000 0 1 1 0 1 1 -10.000000 0.000000 -20.000000 1.000000 255 255 50 addressName
td_9_bar_data=100.000000 0 
td_10_string=Hardware Store
td_10_data=106.000000 142.000000 1 0 1 0 0.345833 1.799998 -1 255 50 0 400.000000 17.000000 0 1 1 0 1 1 -10.000000 0.000000 -20.000000 1.000000 255 255 50 addressNameString
td_10_bar_data=100.000000 0 
