td_0_string=dashcam
td_0_data=129.000000 113.000000 2 0 1 0 0.295832 1.750000 -1 255 50 0 400.000000 17.000000 0 1 1 0 1 1 -10.000000 0.000000 -20.000000 1.000000 255 255 50 dash1
td_0_bar_data=100.000000 0 
td_1_string=CAM01
td_1_data=129.000000 129.000000 2 0 1 0 0.295832 1.750000 -1 255 50 0 400.000000 17.000000 0 1 1 0 1 1 -10.000000 0.000000 -20.000000 1.000000 255 255 50 dash2
td_1_bar_data=100.000000 0 
td_2_string=P PLATEHERE
td_2_data=189.000000 358.000000 2 0 1 0 0.279166 1.750000 -1 255 50 0 400.000000 17.000000 0 1 1 0 1 1 -10.000000 0.000000 -20.000000 1.000000 255 255 50 dashPlate
td_2_bar_data=100.000000 0 
td_3_string=S 90MPH
td_3_data=291.000000 358.000000 2 0 1 0 0.279166 1.750000 -1 255 50 0 400.000000 17.000000 0 1 1 0 1 1 -10.000000 0.000000 -20.000000 1.000000 255 255 50 dashSpeed
td_3_bar_data=100.000000 0 
td_4_string=D 25M
td_4_data=410.000000 358.000000 2 0 1 0 0.279166 1.750000 -1 255 50 0 398.000000 8.000000 0 3 1 0 1 1 -10.000000 0.000000 -20.000000 1.000000 255 255 50 dashDist
td_4_bar_data=100.000000 0 
td_5_string=VID: vehId
td_5_data=411.000000 115.000000 2 0 1 0 0.295832 1.750000 -1 255 50 0 400.000000 17.000000 0 3 1 0 1 1 -10.000000 0.000000 -20.000000 1.000000 255 255 50 dashVid
td_5_bar_data=100.000000 0 
