td_0_string=`
td_0_data=434.000000 145.000000 2 1 1 0 0.600000 12.599991 -2686721 255 50 1 605.500000 52.000000 0 1 1 0 1 1 -10.000000 0.000000 -20.000000 1.000000 255 255 50 dashBox
td_0_bar_data=100.000000 0 
td_1_string=DASHCAM
td_1_data=440.000000 149.000000 1 0 1 0 0.554166 2.000000 -2686721 255 50 0 400.000000 17.000000 0 1 0 0 1 1 -10.000000 0.000000 -20.000000 1.000000 255 255 50 dashTex
td_1_bar_data=100.000000 0 
td_2_string=NAME:
td_2_data=440.000000 173.000000 1 0 1 0 0.600000 2.000000 -2686721 255 50 0 400.000000 17.000000 0 1 1 0 1 1 -10.000000 0.000000 -20.000000 1.000000 255 255 50 dashName
td_2_bar_data=100.000000 0 
td_3_string=PLATE:
td_3_data=440.000000 198.000000 1 0 1 0 0.587500 2.000000 -2686721 255 50 0 400.000000 17.000000 0 1 1 0 1 1 -10.000000 0.000000 -20.000000 1.000000 255 255 50 dashPlate
td_3_bar_data=100.000000 0 
td_4_string=OWNER:
td_4_data=440.000000 224.000000 1 0 1 0 0.462500 2.049999 -2686721 255 50 0 400.000000 17.000000 0 1 1 0 1 1 -10.000000 0.000000 -20.000000 1.000000 255 255 50 dashOwner
td_4_bar_data=100.000000 0 
td_5_string=VEHNAME
td_5_data=508.000000 174.000000 1 0 1 0 0.600000 2.000000 -1 255 50 0 400.000000 17.000000 0 1 1 0 1 1 -10.000000 0.000000 -20.000000 1.000000 255 255 50 dashNameString
td_5_bar_data=100.000000 0 
td_6_string=VPLATE
td_6_data=508.000000 199.000000 1 0 1 0 0.600000 2.000000 -1 255 50 0 400.000000 17.000000 0 1 1 0 1 1 -10.000000 0.000000 -20.000000 1.000000 255 255 50 dashPlateString
td_6_bar_data=100.000000 0 
td_7_string=VOWNER
td_7_data=508.000000 225.000000 1 0 1 0 0.600000 2.000000 -1 255 50 0 400.000000 17.000000 0 1 1 0 1 1 -10.000000 0.000000 -20.000000 1.000000 255 255 50 dashOwnerString
td_7_bar_data=100.000000 0 
