td_0_string=Access Door: SPACE
td_0_data=29.000000 139.000000 1 1 1 0 0.491666 1.900000 -1 255 50 1 272.000000 12.500000 0 1 1 0 1 1 -10.000000 0.000000 -20.000000 1.000000 255 255 50 accessDoor
td_0_bar_data=100.000000 0 
